帧数: 0,  骨骼: 0
0.99353	-0.04014	-0.10624	0.12609
-0.00255	0.92736	-0.37417	-0.07524
0.11354	0.37202	0.92125	-0.22774
0.00000	0.00000	0.00000	1.00000
帧数: 0,  骨骼: 1
0.95788	-0.23776	0.16106	-0.12075
0.26339	0.50386	-0.82265	0.40738
0.11445	0.83042	0.54526	0.14626
0.00000	0.00000	0.00000	1.00000
帧数: 0,  骨骼: 2
0.94866	0.27293	-0.15988	0.13651
-0.27158	0.44366	-0.85406	0.36209
-0.16216	0.85363	0.49500	0.16826
0.00000	0.00000	0.00000	1.00000
帧数: 0,  骨骼: 3
0.99697	-0.06882	0.03629	-0.03474
0.07373	0.68677	-0.72313	0.33928
0.02485	0.72361	0.68976	0.04679
0.00000	0.00000	0.00000	1.00000
帧数: 0,  骨骼: 4
0.98014	-0.19364	0.04287	-0.03492
0.19034	0.85771	-0.47761	0.21475
0.05571	0.47628	0.87753	-0.04933
0.00000	0.00000	0.00000	1.00000
帧数: 0,  骨骼: 5
0.93939	-0.23916	-0.24567	0.07329
0.23080	0.97098	-0.06270	0.00093
0.25354	0.00220	0.96732	-0.15553
0.00000	0.00000	0.00000	1.00000
帧数: 0,  骨骼: 6
0.96253	0.16901	-0.21205	0.07777
-0.02300	0.83007	0.55719	-0.27390
0.27019	-0.53143	0.80286	0.00774
0.00000	0.00000	0.00000	1.00000
帧数: 0,  骨骼: 7
0.97481	-0.19879	-0.10112	0.03723
0.19624	0.97994	-0.03472	-0.00583
0.10599	0.01401	0.99427	-0.16143
0.00000	0.00000	0.00000	1.00000
帧数: 0,  骨骼: 8
0.98897	-0.08571	0.12079	-0.09344
0.14178	0.31194	-0.93946	0.54276
0.04284	0.94623	0.32065	0.16360
0.00000	0.00000	0.00000	1.00000
帧数: 0,  骨骼: 9
0.99250	-0.02114	0.12039	-0.10671
0.11841	-0.07833	-0.98987	0.64683
0.03035	0.99670	-0.07524	0.33205
0.00000	0.00000	0.00000	1.00000
帧数: 0,  骨骼: 10
0.99554	-0.08582	-0.03919	-0.05237
0.07396	0.96779	-0.24066	0.17733
0.05858	0.23669	0.96982	0.33592
0.00000	0.00000	0.00000	1.00000
帧数: 0,  骨骼: 11
0.99471	-0.04520	0.09220	-0.09115
0.09936	0.19699	-0.97536	0.56980
0.02593	0.97936	0.20044	0.24625
0.00000	0.00000	0.00000	1.00000
帧数: 0,  骨骼: 12
0.98014	-0.19364	0.04287	-0.03492
0.19034	0.85771	-0.47761	0.21475
0.05571	0.47628	0.87753	-0.04933
0.00000	0.00000	0.00000	1.00000
帧数: 0,  骨骼: 13
0.62192	-0.69402	-0.36270	0.19000
0.62500	0.71897	-0.30408	0.23006
0.47181	-0.03758	0.88090	0.08162
0.00000	0.00000	0.00000	1.00000
帧数: 0,  骨骼: 14
-0.69857	-0.70258	0.13559	-0.80367
-0.70736	0.70664	0.01722	-0.68440
-0.10791	-0.08388	-0.99062	0.80776
0.00000	0.00000	0.00000	1.00000
帧数: 0,  骨骼: 15
0.53001	-0.70112	-0.47700	0.21369
0.66081	0.69400	-0.28583	0.23663
0.53144	-0.16371	0.83113	0.14075
0.00000	0.00000	0.00000	1.00000
帧数: 0,  骨骼: 16
-0.33905	-0.67929	-0.65085	-0.16205
-0.15671	0.72295	-0.67290	0.01079
0.92762	-0.12615	-0.35157	1.03256
0.00000	0.00000	0.00000	1.00000
帧数: 0,  骨骼: 17
0.17407	-0.85788	-0.48347	0.03434
0.48657	0.50177	-0.71518	0.39700
0.85613	-0.11075	0.50476	0.49785
0.00000	0.00000	0.00000	1.00000
帧数: 0,  骨骼: 18
0.67509	-0.68860	0.26474	-0.12358
0.40853	0.05013	-0.91137	0.44544
0.61429	0.72341	0.31516	0.52272
0.00000	0.00000	0.00000	1.00000
帧数: 0,  骨骼: 19
0.95724	-0.04494	-0.28579	0.09276
-0.17766	0.68836	-0.70328	-0.03002
0.22833	0.72398	0.65094	0.03265
0.00000	0.00000	0.00000	1.00000
帧数: 0,  骨骼: 20
0.99623	0.08073	0.03180	0.08441
-0.07991	0.99645	-0.02638	-0.04638
-0.03381	0.02374	0.99915	-0.00649
0.00000	0.00000	0.00000	1.00000
帧数: 0,  骨骼: 21
0.95798	-0.10039	0.26869	-0.21349
0.27959	0.53598	-0.79659	0.38554
-0.06404	0.83824	0.54153	0.14268
0.00000	0.00000	0.00000	1.00000
帧数: 0,  骨骼: 22
0.60465	-0.70569	0.36933	-0.27500
0.77210	0.40543	-0.48938	0.08535
0.19561	0.58106	0.79000	-0.01293
0.00000	0.00000	0.00000	1.00000
帧数: 0,  骨骼: 23
0.98014	-0.19364	0.04287	-0.03492
0.19034	0.85771	-0.47761	0.21475
0.05571	0.47628	0.87753	-0.04933
0.00000	0.00000	0.00000	1.00000
帧数: 0,  骨骼: 24
0.99743	-0.06543	0.02919	-0.03066
0.05425	0.95586	0.28878	-0.11494
-0.04680	-0.28645	0.95695	-0.07382
0.00000	0.00000	0.00000	1.00000
帧数: 0,  骨骼: 25
0.85503	0.46998	0.21920	-0.24589
-0.51749	0.80074	0.30169	-0.10456
-0.03373	-0.37138	0.92787	-0.04036
0.00000	0.00000	0.00000	1.00000
帧数: 0,  骨骼: 26
-0.43870	-0.04719	0.89739	0.04455
0.03007	0.99729	0.06715	-0.23022
-0.89813	0.05644	-0.43609	1.18021
0.00000	0.00000	0.00000	1.00000
帧数: 0,  骨骼: 27
0.64578	-0.02307	0.76317	-0.47156
0.02870	0.99957	0.00593	-0.19452
-0.76298	0.01807	0.64617	0.48843
0.00000	0.00000	0.00000	1.00000
帧数: 0,  骨骼: 28
-0.99973	-0.02320	-0.00191	0.86250
-0.02327	0.99537	0.09328	-0.21485
-0.00026	0.09330	-0.99564	0.98836
0.00000	0.00000	0.00000	1.00000
帧数: 0,  骨骼: 29
0.55475	0.65541	0.51254	-0.26416
0.31720	0.40290	-0.85852	0.12201
-0.76918	0.63884	0.01561	0.88849
0.00000	0.00000	0.00000	1.00000
帧数: 0,  骨骼: 30
0.18924	0.22777	0.95515	-0.34847
-0.05341	0.97367	-0.22161	-0.01978
-0.98048	-0.00908	0.19642	0.86222
0.00000	0.00000	0.00000	1.00000
帧数: 0,  骨骼: 31
0.97708	-0.10166	0.18704	-0.06102
0.19627	0.09000	-0.97641	0.13241
0.08243	0.99074	0.10789	0.08563
0.00000	0.00000	0.00000	1.00000
帧数: 0,  骨骼: 32
0.98772	-0.15282	0.03263	-0.05584
0.08759	0.36851	-0.92549	0.14168
0.12941	0.91698	0.37736	0.06976
0.00000	0.00000	0.00000	1.00000
帧数: 0,  骨骼: 33
0.99321	0.08408	-0.08036	0.09629
-0.08551	0.05952	-0.99456	0.55743
-0.07884	0.99468	0.06630	0.57368
0.00000	0.00000	0.00000	1.00000
帧数: 0,  骨骼: 34
0.60422	-0.78979	0.10560	-0.05702
0.44668	0.22597	-0.86569	0.43877
0.65985	0.57024	0.48932	0.17495
0.00000	0.00000	0.00000	1.00000
帧数: 0,  骨骼: 35
0.99671	0.07352	0.03425	-0.11992
-0.04701	0.86782	-0.49465	0.12754
-0.06609	0.49141	0.86842	-0.17021
0.00000	0.00000	0.00000	1.00000
帧数: 0,  骨骼: 36
0.98706	0.16024	-0.00505	-0.08102
-0.09959	0.58816	-0.80259	0.73161
-0.12563	0.79271	0.59651	0.19211
0.00000	0.00000	0.00000	1.00000
帧数: 0,  骨骼: 37
0.99237	0.12027	-0.02697	-0.02488
-0.05075	0.19925	-0.97863	1.21597
-0.11233	0.97254	0.20383	0.75656
0.00000	0.00000	0.00000	1.00000
帧数: 0,  骨骼: 38
0.99241	0.05003	0.11233	-0.19307
0.08199	0.41160	-0.90767	0.98665
-0.09165	0.90999	0.40438	0.49211
0.00000	0.00000	0.00000	1.00000
帧数: 0,  骨骼: 39
0.62287	0.01194	-0.78223	0.47686
-0.02287	0.99973	-0.00295	-0.09384
0.78199	0.01973	0.62298	-0.30611
0.00000	0.00000	0.00000	1.00000
帧数: 1,  骨骼: 0
0.99249	-0.05429	-0.10960	0.12789
0.00397	0.90992	-0.41476	-0.04635
0.12224	0.41121	0.90331	-0.20179
0.00000	0.00000	0.00000	1.00000
帧数: 1,  骨骼: 1
0.96092	-0.22987	0.15423	-0.11601
0.24842	0.47029	-0.84683	0.41975
0.12213	0.85205	0.50902	0.19194
0.00000	0.00000	0.00000	1.00000
帧数: 1,  骨骼: 2
0.96595	0.19463	-0.17046	0.14670
-0.24935	0.52456	-0.81404	0.32503
-0.06902	0.82883	0.55523	0.14563
0.00000	0.00000	0.00000	1.00000
帧数: 1,  骨骼: 3
0.99775	-0.06081	0.02827	-0.02919
0.06166	0.66609	-0.74332	0.34892
0.02637	0.74339	0.66834	0.08228
0.00000	0.00000	0.00000	1.00000
帧数: 1,  骨骼: 4
0.98222	-0.18392	0.03768	-0.03080
0.17847	0.85246	-0.49139	0.22095
0.05826	0.48937	0.87013	-0.02115
0.00000	0.00000	0.00000	1.00000
帧数: 1,  骨骼: 5
0.96173	-0.21153	-0.17416	0.05208
0.20418	0.97714	-0.05929	0.00280
0.18272	0.02146	0.98293	-0.13524
0.00000	0.00000	0.00000	1.00000
帧数: 1,  骨骼: 6
0.96345	0.16650	-0.20984	0.07843
-0.11007	0.96024	0.25655	-0.14706
0.24421	-0.22408	0.94348	-0.03379
0.00000	0.00000	0.00000	1.00000
帧数: 1,  骨骼: 7
0.97991	-0.18421	-0.07646	0.02772
0.18125	0.98245	-0.04405	-0.00080
0.08323	0.02931	0.99610	-0.13772
0.00000	0.00000	0.00000	1.00000
帧数: 1,  骨骼: 8
0.98413	-0.14648	0.10016	-0.06947
0.16739	0.57906	-0.79792	0.42331
0.05888	0.80202	0.59439	0.07511
0.00000	0.00000	0.00000	1.00000
帧数: 1,  骨骼: 9
0.98891	-0.07459	0.12844	-0.09723
0.13915	0.16289	-0.97678	0.59084
0.05194	0.98382	0.17146	0.22843
0.00000	0.00000	0.00000	1.00000
帧数: 1,  骨骼: 10
0.99601	-0.08063	0.03824	-0.07277
0.07805	0.57937	-0.81132	0.41382
0.04327	0.81106	0.58335	0.23233
0.00000	0.00000	0.00000	1.00000
帧数: 1,  骨骼: 11
0.99332	-0.03252	0.11071	-0.10246
0.10935	-0.04095	-0.99316	0.64971
0.03683	0.99863	-0.03711	0.29290
0.00000	0.00000	0.00000	1.00000
帧数: 1,  骨骼: 12
0.98222	-0.18392	0.03767	-0.03080
0.17847	0.85246	-0.49139	0.22095
0.05826	0.48937	0.87013	-0.02115
0.00000	0.00000	0.00000	1.00000
帧数: 1,  骨骼: 13
0.66542	-0.65562	-0.35690	0.19566
0.58026	0.75508	-0.30521	0.20300
0.46959	-0.00400	0.88287	0.07249
0.00000	0.00000	0.00000	1.00000
帧数: 1,  骨骼: 14
-0.69163	-0.71411	0.10817	-0.79832
-0.72027	0.69304	-0.03004	-0.67430
-0.05352	-0.09869	-0.99368	0.83408
0.00000	0.00000	0.00000	1.00000
帧数: 1,  骨骼: 15
0.53537	-0.71466	-0.45016	0.18785
0.69263	0.67649	-0.25025	0.22500
0.48337	-0.17782	0.85717	0.09451
0.00000	0.00000	0.00000	1.00000
帧数: 1,  骨骼: 16
-0.31138	-0.69221	-0.65107	-0.16025
-0.11485	0.70752	-0.69730	0.03890
0.94332	-0.14234	-0.29981	1.00648
0.00000	0.00000	0.00000	1.00000
帧数: 1,  骨骼: 17
0.19084	-0.86730	-0.45975	0.01618
0.53031	0.48522	-0.69523	0.40061
0.82605	-0.11113	0.55253	0.44820
0.00000	0.00000	0.00000	1.00000
帧数: 1,  骨骼: 18
0.68607	-0.66915	0.28557	-0.14164
0.44653	0.07739	-0.89142	0.44829
0.57439	0.73909	0.35189	0.47509
0.00000	0.00000	0.00000	1.00000
帧数: 1,  骨骼: 19
0.95546	0.04388	-0.29183	0.09470
-0.20986	0.79627	-0.56738	0.01261
0.20748	0.60335	0.77001	-0.00321
0.00000	0.00000	0.00000	1.00000
帧数: 1,  骨骼: 20
0.99473	0.09582	0.03656	0.08768
-0.09616	0.99534	0.00754	0.00511
-0.03567	-0.01102	0.99930	-0.03684
0.00000	0.00000	0.00000	1.00000
帧数: 1,  骨骼: 21
0.96063	-0.09215	0.26211	-0.20899
0.27224	0.50064	-0.82173	0.39903
-0.05550	0.86074	0.50602	0.18777
0.00000	0.00000	0.00000	1.00000
帧数: 1,  骨骼: 22
0.69308	-0.59012	0.41399	-0.31993
0.71959	0.53227	-0.44596	0.04287
0.04281	0.60699	0.79355	0.01829
0.00000	0.00000	0.00000	1.00000
帧数: 1,  骨骼: 23
0.98222	-0.18392	0.03767	-0.03080
0.17847	0.85246	-0.49139	0.22095
0.05826	0.48937	0.87013	-0.02115
0.00000	0.00000	0.00000	1.00000
帧数: 1,  骨骼: 24
0.99572	-0.09104	0.01587	-0.02248
0.07515	0.89759	0.43438	-0.18400
-0.05379	-0.43133	0.90059	-0.02258
0.00000	0.00000	0.00000	1.00000
帧数: 1,  骨骼: 25
0.88005	0.36641	0.30210	-0.29868
-0.44760	0.85252	0.26992	-0.12878
-0.15865	-0.37276	0.91426	-0.00492
0.00000	0.00000	0.00000	1.00000
帧数: 1,  骨骼: 26
-0.44142	-0.05877	0.89538	0.05661
0.01167	0.99739	0.07122	-0.23237
-0.89723	0.04188	-0.43958	1.14748
0.00000	0.00000	0.00000	1.00000
帧数: 1,  骨骼: 27
0.64337	-0.03478	0.76477	-0.46173
0.02500	0.99939	0.02442	-0.21294
-0.76515	0.00341	0.64384	0.45671
0.00000	0.00000	0.00000	1.00000
帧数: 1,  骨骼: 28
-0.99938	-0.03465	-0.00566	0.87381
-0.03499	0.99630	0.07854	-0.21024
0.00291	0.07869	-0.99690	0.95310
0.00000	0.00000	0.00000	1.00000
帧数: 1,  骨骼: 29
0.54893	0.65232	0.52264	-0.25700
0.31230	0.41994	-0.85213	0.11188
-0.77534	0.63098	0.02680	0.85148
0.00000	0.00000	0.00000	1.00000
帧数: 1,  骨骼: 30
0.18724	0.21628	0.95821	-0.33971
-0.06566	0.97604	-0.20747	-0.03126
-0.98012	-0.02407	0.19695	0.82754
0.00000	0.00000	0.00000	1.00000
帧数: 1,  骨骼: 31
0.97107	-0.11324	0.21025	-0.05993
0.23421	0.27963	-0.93110	0.08184
0.04665	0.95341	0.29806	0.08889
0.00000	0.00000	0.00000	1.00000
帧数: 1,  骨骼: 32
0.97552	-0.17957	0.12696	-0.05604
0.14257	0.07680	-0.98680	0.10335
0.16745	0.98074	0.10052	0.07607
0.00000	0.00000	0.00000	1.00000
帧数: 1,  骨骼: 33
0.99201	0.08786	-0.09049	0.10393
-0.09224	0.01606	-0.99561	0.54915
-0.08602	0.99600	0.02403	0.62459
0.00000	0.00000	0.00000	1.00000
帧数: 1,  骨骼: 34
0.65453	-0.75006	0.09485	-0.05089
0.39964	0.23676	-0.88557	0.44844
0.64178	0.61754	0.45472	0.22006
0.00000	0.00000	0.00000	1.00000
帧数: 1,  骨骼: 35
0.99788	0.06400	0.01138	-0.08838
-0.05428	0.91675	-0.39575	-0.07780
-0.03577	0.39430	0.91829	-0.22176
0.00000	0.00000	0.00000	1.00000
帧数: 1,  骨骼: 36
0.98767	0.15539	-0.01877	-0.06629
-0.12614	0.71927	-0.68319	0.46622
-0.09266	0.67713	0.73000	0.00598
0.00000	0.00000	0.00000	1.00000
帧数: 1,  骨骼: 37
0.98876	0.12433	-0.08308	0.05596
-0.11803	0.30778	-0.94411	1.10284
-0.09181	0.94330	0.31899	0.55839
0.00000	0.00000	0.00000	1.00000
帧数: 1,  骨骼: 38
0.99884	0.04410	-0.01914	0.00655
-0.02329	0.09547	-0.99516	1.30227
-0.04206	0.99445	0.09638	0.86251
0.00000	0.00000	0.00000	1.00000
帧数: 1,  骨骼: 39
0.62305	0.00129	-0.78218	0.48579
-0.00884	0.99995	-0.00539	-0.10833
0.78213	0.01027	0.62303	-0.34040
0.00000	0.00000	0.00000	1.00000
帧数: 2,  骨骼: 0
0.99113	-0.06908	-0.11356	0.12968
0.00987	0.89023	-0.45540	-0.01586
0.13255	0.45024	0.88301	-0.17224
0.00000	0.00000	0.00000	1.00000
帧数: 2,  骨骼: 1
0.96387	-0.22280	0.14602	-0.11055
0.23315	0.44041	-0.86700	0.42967
0.12886	0.86971	0.47644	0.23535
0.00000	0.00000	0.00000	1.00000
帧数: 2,  骨骼: 2
0.97096	0.15282	-0.18407	0.15718
-0.23870	0.56723	-0.78821	0.29937
-0.01604	0.80926	0.58724	0.14187
0.00000	0.00000	0.00000	1.00000
帧数: 2,  骨骼: 3
0.99841	-0.05285	0.01955	-0.02337
0.04913	0.64646	-0.76137	0.35740
0.02760	0.76112	0.64803	0.11726
0.00000	0.00000	0.00000	1.00000
帧数: 2,  骨骼: 4
0.98425	-0.17385	0.03205	-0.02656
0.16599	0.84654	-0.50578	0.22742
0.06080	0.50314	0.86207	0.00746
0.00000	0.00000	0.00000	1.00000
帧数: 2,  骨骼: 5
0.98017	-0.17827	-0.08654	0.02752
0.17377	0.98313	-0.05701	0.00528
0.09525	0.04084	0.99462	-0.11360
0.00000	0.00000	0.00000	1.00000
帧数: 2,  骨骼: 6
0.96342	0.16565	-0.21066	0.08029
-0.18417	0.98030	-0.07143	-0.00649
0.19467	0.10761	0.97495	-0.02872
0.00000	0.00000	0.00000	1.00000
帧数: 2,  骨骼: 7
0.98398	-0.16946	-0.05541	0.01978
0.16648	0.98454	-0.05454	0.00480
0.06379	0.04444	0.99697	-0.11363
0.00000	0.00000	0.00000	1.00000
帧数: 2,  骨骼: 8
0.97796	-0.19893	0.06342	-0.03874
0.20497	0.85688	-0.47302	0.20835
0.03975	0.47560	0.87876	0.01235
0.00000	0.00000	0.00000	1.00000
帧数: 2,  骨骼: 9
0.98382	-0.12755	0.12578	-0.08179
0.17362	0.50591	-0.84493	0.44957
0.04414	0.85310	0.51987	0.09597
0.00000	0.00000	0.00000	1.00000
帧数: 2,  骨骼: 10
0.99307	0.02014	0.11578	-0.12098
0.11739	-0.21577	-0.96936	0.68521
0.00546	0.97624	-0.21664	0.29669
0.00000	0.00000	0.00000	1.00000
帧数: 2,  骨骼: 11
0.99079	0.00208	0.13542	-0.11898
0.13421	-0.14895	-0.97969	0.66564
0.01814	0.98884	-0.14786	0.27919
0.00000	0.00000	0.00000	1.00000
帧数: 2,  骨骼: 12
0.98425	-0.17385	0.03204	-0.02656
0.16599	0.84654	-0.50578	0.22742
0.06080	0.50314	0.86207	0.00746
0.00000	0.00000	0.00000	1.00000
帧数: 2,  骨骼: 13
0.69286	-0.62674	-0.35658	0.20243
0.54707	0.77904	-0.30627	0.18384
0.46974	0.01713	0.88264	0.07616
0.00000	0.00000	0.00000	1.00000
帧数: 2,  骨骼: 14
-0.69033	-0.71779	0.09070	-0.79547
-0.72314	0.68850	-0.05510	-0.66709
-0.02290	-0.10363	-0.99435	0.85567
0.00000	0.00000	0.00000	1.00000
帧数: 2,  骨骼: 15
0.54176	-0.71969	-0.43421	0.17481
0.70608	0.66994	-0.22943	0.21554
0.45601	-0.18229	0.87110	0.07608
0.00000	0.00000	0.00000	1.00000
帧数: 2,  骨骼: 16
-0.29433	-0.69671	-0.65419	-0.15658
-0.09154	0.70192	-0.70635	0.05188
0.95131	-0.14802	-0.27038	0.99852
0.00000	0.00000	0.00000	1.00000
帧数: 2,  骨骼: 17
0.20382	-0.87056	-0.44786	0.00890
0.55168	0.48005	-0.68206	0.39967
0.80877	-0.10806	0.57811	0.42817
0.00000	0.00000	0.00000	1.00000
帧数: 2,  骨骼: 18
0.69477	-0.65622	0.29438	-0.14856
0.46276	0.09453	-0.88143	0.44763
0.55059	0.74862	0.36935	0.45663
0.00000	0.00000	0.00000	1.00000
帧数: 2,  骨骼: 19
0.95832	0.12314	-0.25781	0.08954
-0.22564	0.87973	-0.41852	0.06089
0.17527	0.45924	0.87085	-0.00986
0.00000	0.00000	0.00000	1.00000
帧数: 2,  骨骼: 20
0.99259	0.11067	0.05014	0.08396
-0.11235	0.99315	0.03202	0.05989
-0.04625	-0.03741	0.99823	-0.03893
0.00000	0.00000	0.00000	1.00000
帧数: 2,  骨骼: 21
0.96344	-0.08474	0.25416	-0.20376
0.26363	0.46891	-0.84299	0.41014
-0.04774	0.87918	0.47410	0.23064
0.00000	0.00000	0.00000	1.00000
帧数: 2,  骨骼: 22
0.75325	-0.47087	0.45925	-0.36297
0.64965	0.64179	-0.40751	0.00813
-0.10286	0.60530	0.78932	0.05580
0.00000	0.00000	0.00000	1.00000
帧数: 2,  骨骼: 23
0.98425	-0.17385	0.03204	-0.02656
0.16599	0.84654	-0.50578	0.22742
0.06080	0.50314	0.86207	0.00746
0.00000	0.00000	0.00000	1.00000
帧数: 2,  骨骼: 24
0.99462	-0.10222	0.01656	-0.02073
0.07686	0.83594	0.54341	-0.23475
-0.06939	-0.53921	0.83931	0.03174
0.00000	0.00000	0.00000	1.00000
帧数: 2,  骨骼: 25
0.88278	0.27353	0.38195	-0.34876
-0.37450	0.90061	0.22057	-0.14234
-0.28365	-0.33776	0.89748	0.03536
0.00000	0.00000	0.00000	1.00000
帧数: 2,  骨骼: 26
-0.44164	-0.06307	0.89497	0.05645
0.02080	0.99654	0.08049	-0.24927
-0.89695	0.05417	-0.43880	1.11558
0.00000	0.00000	0.00000	1.00000
帧数: 2,  骨骼: 27
0.64310	-0.03910	0.76478	-0.46210
0.03720	0.99911	0.01980	-0.22358
-0.76488	0.01572	0.64398	0.42518
0.00000	0.00000	0.00000	1.00000
帧数: 2,  骨骼: 28
-0.99922	-0.03894	-0.00619	0.87351
-0.03934	0.99509	0.09078	-0.22122
0.00263	0.09096	-0.99585	0.92137
0.00000	0.00000	0.00000	1.00000
帧数: 2,  骨骼: 29
0.54742	0.65062	0.52633	-0.25870
0.32419	0.41495	-0.85013	0.09724
-0.77151	0.63601	0.01623	0.82388
0.00000	0.00000	0.00000	1.00000
帧数: 2,  骨骼: 30
0.18733	0.21205	0.95914	-0.34079
-0.05278	0.97718	-0.20574	-0.04595
-0.98088	-0.01208	0.19425	0.79820
0.00000	0.00000	0.00000	1.00000
帧数: 2,  骨骼: 31
0.97001	-0.12024	0.21125	-0.05826
0.24307	0.48452	-0.84033	0.03367
-0.00131	0.86648	0.49921	0.09246
0.00000	0.00000	0.00000	1.00000
帧数: 2,  骨骼: 32
0.96594	-0.18206	0.18389	-0.05517
0.18040	-0.03567	-0.98295	0.06101
0.18552	0.98264	-0.00161	0.07818
0.00000	0.00000	0.00000	1.00000
帧数: 2,  骨骼: 33
0.99075	0.09022	-0.10139	0.11176
-0.09976	-0.02236	-0.99476	0.54030
-0.09202	0.99567	-0.01315	0.67198
0.00000	0.00000	0.00000	1.00000
帧数: 2,  骨骼: 34
0.69572	-0.71345	0.08345	-0.04429
0.35721	0.24284	-0.90191	0.45591
0.62320	0.65728	0.42380	0.26288
0.00000	0.00000	0.00000	1.00000
帧数: 2,  骨骼: 35
0.99800	0.05890	-0.02297	-0.04075
-0.06260	0.97160	-0.22818	-0.39165
0.00888	0.22916	0.97335	-0.26694
0.00000	0.00000	0.00000	1.00000
帧数: 2,  骨骼: 36
0.98681	0.15573	-0.04421	-0.03531
-0.15927	0.88507	-0.43736	-0.01358
-0.02898	0.43864	0.89820	-0.20618
0.00000	0.00000	0.00000	1.00000
帧数: 2,  骨骼: 37
0.97917	0.12851	-0.15718	0.16595
-0.20131	0.51424	-0.83369	0.82819
-0.02631	0.84797	0.52939	0.20551
0.00000	0.00000	0.00000	1.00000
帧数: 2,  骨骼: 38
0.98662	-0.02482	-0.16113	0.26063
-0.16290	-0.11087	-0.98039	1.40996
0.00647	0.99352	-0.11343	1.08497
0.00000	0.00000	0.00000	1.00000
帧数: 2,  骨骼: 39
0.62393	0.00165	-0.78148	0.48337
-0.01133	0.99991	-0.00693	-0.11575
0.78140	0.01318	0.62390	-0.37419
0.00000	0.00000	0.00000	1.00000
帧数: 3,  骨骼: 0
0.98963	-0.08257	-0.11752	0.13095
0.01351	0.86814	-0.49614	0.01793
0.14298	0.48941	0.86025	-0.13598
0.00000	0.00000	0.00000	1.00000
帧数: 3,  骨骼: 1
0.96657	-0.21711	0.13641	-0.10419
0.21906	0.42276	-0.87937	0.43511
0.13325	0.87985	0.45619	0.27100
0.00000	0.00000	0.00000	1.00000
帧数: 3,  骨骼: 2
0.96710	0.16629	-0.19252	0.16165
-0.25281	0.54376	-0.80026	0.30425
-0.02840	0.82260	0.56791	0.17449
0.00000	0.00000	0.00000	1.00000
帧数: 3,  骨骼: 3
0.99892	-0.04518	0.01066	-0.01750
0.03685	0.63196	-0.77412	0.36311
0.02824	0.77368	0.63295	0.14936
0.00000	0.00000	0.00000	1.00000
帧数: 3,  骨骼: 4
0.98614	-0.16384	0.02625	-0.02226
0.15345	0.84028	-0.51998	0.23380
0.06314	0.51680	0.85377	0.03606
0.00000	0.00000	0.00000	1.00000
帧数: 3,  骨骼: 5
0.98854	-0.14945	-0.02128	0.01078
0.14792	0.98711	-0.06110	0.00943
0.03014	0.05725	0.99790	-0.08986
0.00000	0.00000	0.00000	1.00000
帧数: 3,  骨骼: 6
0.96531	0.15779	-0.20806	0.08080
-0.22608	0.90373	-0.36353	0.12165
0.13067	0.39796	0.90805	0.01896
0.00000	0.00000	0.00000	1.00000
帧数: 3,  骨骼: 7
0.98670	-0.15603	-0.04551	0.01685
0.15293	0.98608	-0.06522	0.01048
0.05505	0.05739	0.99683	-0.08951
0.00000	0.00000	0.00000	1.00000
帧数: 3,  骨骼: 8
0.97812	-0.20209	0.04951	-0.02807
0.20674	0.91724	-0.34048	0.12843
0.02340	0.34327	0.93895	0.03082
0.00000	0.00000	0.00000	1.00000
帧数: 3,  骨骼: 9
0.98045	-0.16665	0.10466	-0.06039
0.19458	0.74149	-0.64213	0.30139
0.02940	0.64994	0.75942	0.04811
0.00000	0.00000	0.00000	1.00000
帧数: 3,  骨骼: 10
0.98942	0.05971	0.13222	-0.13795
0.14499	-0.43843	-0.88699	0.74023
0.00501	0.89678	-0.44245	0.29803
0.00000	0.00000	0.00000	1.00000
帧数: 3,  骨骼: 11
0.98729	-0.05040	0.15070	-0.10599
0.15758	0.18834	-0.96938	0.55385
0.02047	0.98081	0.19389	0.14661
0.00000	0.00000	0.00000	1.00000
帧数: 3,  骨骼: 12
0.98614	-0.16384	0.02624	-0.02226
0.15345	0.84028	-0.51998	0.23380
0.06314	0.51680	0.85377	0.03606
0.00000	0.00000	0.00000	1.00000
帧数: 3,  骨骼: 13
0.69361	-0.62265	-0.36223	0.20630
0.53729	0.78212	-0.31561	0.18792
0.47982	0.02429	0.87703	0.10556
0.00000	0.00000	0.00000	1.00000
帧数: 3,  骨骼: 14
-0.69809	-0.71022	0.09082	-0.80000
-0.71501	0.69818	-0.03616	-0.66850
-0.03773	-0.09018	-0.99521	0.86847
0.00000	0.00000	0.00000	1.00000
帧数: 3,  骨骼: 15
0.54904	-0.71227	-0.43730	0.18035
0.69090	0.68121	-0.24211	0.21899
0.47034	-0.16920	0.86611	0.10721
0.00000	0.00000	0.00000	1.00000
帧数: 3,  骨骼: 16
-0.29600	-0.68896	-0.66160	-0.15346
-0.10737	0.71225	-0.69367	0.04050
0.94914	-0.13428	-0.28480	1.02602
0.00000	0.00000	0.00000	1.00000
帧数: 3,  骨骼: 17
0.20919	-0.86524	-0.45563	0.01618
0.53314	0.49152	-0.68861	0.39783
0.81976	-0.09886	0.56411	0.46283
0.00000	0.00000	0.00000	1.00000
帧数: 3,  骨骼: 18
0.69934	-0.65571	0.28456	-0.14077
0.44409	0.08663	-0.89179	0.44691
0.56010	0.75003	0.35177	0.49216
0.00000	0.00000	0.00000	1.00000
帧数: 3,  骨骼: 19
0.96570	0.15990	-0.20458	0.08012
-0.22344	0.91311	-0.34104	0.11728
0.13226	0.37506	0.91752	0.01722
0.00000	0.00000	0.00000	1.00000
帧数: 3,  骨骼: 20
0.98990	0.13438	0.04521	0.07537
-0.13138	0.98927	-0.06391	0.12013
-0.05331	0.05732	0.99693	-0.00839
0.00000	0.00000	0.00000	1.00000
帧数: 3,  骨骼: 21
0.96637	-0.07872	0.24482	-0.19762
0.25361	0.44945	-0.85655	0.41676
-0.04260	0.88983	0.45430	0.26593
0.00000	0.00000	0.00000	1.00000
帧数: 3,  骨骼: 22
0.78170	-0.39420	0.48326	-0.38686
0.59588	0.70076	-0.39225	-0.00567
-0.18402	0.59459	0.78268	0.09072
0.00000	0.00000	0.00000	1.00000
帧数: 3,  骨骼: 23
0.98614	-0.16384	0.02624	-0.02226
0.15345	0.84028	-0.51998	0.23380
0.06314	0.51680	0.85377	0.03606
0.00000	0.00000	0.00000	1.00000
帧数: 3,  骨骼: 24
0.99467	-0.09094	0.04859	-0.03325
0.04388	0.79982	0.59864	-0.25734
-0.09331	-0.59332	0.79954	0.07737
0.00000	0.00000	0.00000	1.00000
帧数: 3,  骨骼: 25
0.86752	0.24575	0.43246	-0.37835
-0.35426	0.91556	0.19038	-0.14511
-0.34916	-0.31836	0.88133	0.07237
0.00000	0.00000	0.00000	1.00000
帧数: 3,  骨骼: 26
-0.44049	-0.04517	0.89662	0.04837
0.03047	0.99741	0.06521	-0.25695
-0.89724	0.05604	-0.43797	1.11033
0.00000	0.00000	0.00000	1.00000
帧数: 3,  骨骼: 27
0.64427	-0.02112	0.76451	-0.46910
0.02709	0.99962	0.00479	-0.22061
-0.76432	0.01762	0.64460	0.41959
0.00000	0.00000	0.00000	1.00000
帧数: 3,  骨骼: 28
-0.99977	-0.02110	-0.00378	0.86595
-0.02136	0.99546	0.09279	-0.24324
0.00180	0.09285	-0.99568	0.91679
0.00000	0.00000	0.00000	1.00000
帧数: 3,  骨骼: 29
0.55377	0.65749	0.51093	-0.26027
0.31576	0.40196	-0.85949	0.09573
-0.77048	0.63729	0.01498	0.81907
0.00000	0.00000	0.00000	1.00000
帧数: 3,  骨骼: 30
0.18712	0.22962	0.95513	-0.34490
-0.05426	0.97323	-0.22334	-0.04591
-0.98084	-0.01003	0.19457	0.79304
0.00000	0.00000	0.00000	1.00000
帧数: 3,  骨骼: 31
0.97786	-0.10433	0.18142	-0.05885
0.20048	0.71574	-0.66897	-0.01228
-0.06006	0.69053	0.72081	0.08805
0.00000	0.00000	0.00000	1.00000
帧数: 3,  骨骼: 32
0.97071	-0.17114	0.16863	-0.05569
0.20560	0.22856	-0.95157	0.00854
0.12431	0.95837	0.25705	0.06931
0.00000	0.00000	0.00000	1.00000
帧数: 3,  骨骼: 33
0.98947	0.09067	-0.11280	0.11969
-0.10895	-0.04634	-0.99297	0.53310
-0.09526	0.99480	-0.03597	0.70984
0.00000	0.00000	0.00000	1.00000
帧数: 3,  骨骼: 34
0.71132	-0.69911	0.07258	-0.03739
0.33113	0.24223	-0.91196	0.45973
0.61998	0.67273	0.40380	0.29857
0.00000	0.00000	0.00000	1.00000
帧数: 3,  骨骼: 35
0.99750	0.05411	-0.04547	-0.01213
-0.06054	0.98610	-0.15471	-0.54581
0.03647	0.15708	0.98691	-0.26394
0.00000	0.00000	0.00000	1.00000
帧数: 3,  骨骼: 36
0.98753	0.14589	-0.05912	-0.01787
-0.15640	0.95179	-0.26387	-0.35191
0.01777	0.26982	0.96274	-0.25856
0.00000	0.00000	0.00000	1.00000
帧数: 3,  骨骼: 37
0.97718	0.12896	-0.16876	0.17281
-0.20923	0.72108	-0.66050	0.42135
0.03651	0.68074	0.73161	-0.07661
0.00000	0.00000	0.00000	1.00000
帧数: 3,  骨骼: 38
0.96915	0.02299	-0.24538	0.34901
-0.24558	0.17374	-0.95368	1.17769
0.02071	0.98452	0.17403	0.58348
0.00000	0.00000	0.00000	1.00000
帧数: 3,  骨骼: 39
0.62464	0.00823	-0.78087	0.47761
-0.02142	0.99975	-0.00660	-0.11891
0.78062	0.02085	0.62466	-0.37729
0.00000	0.00000	0.00000	1.00000
帧数: 4,  骨骼: 0
0.98830	-0.09212	-0.12159	0.13194
0.01353	0.84685	-0.53166	0.05123
0.15194	0.52379	0.83819	-0.09280
0.00000	0.00000	0.00000	1.00000
帧数: 4,  骨骼: 1
0.96896	-0.21293	0.12557	-0.09688
0.20774	0.42608	-0.88051	0.43425
0.13399	0.87927	0.45709	0.29334
0.00000	0.00000	0.00000	1.00000
帧数: 4,  骨骼: 2
0.95924	0.20071	-0.19895	0.16377
-0.27456	0.49508	-0.82433	0.32129
-0.06695	0.84535	0.53000	0.22360
0.00000	0.00000	0.00000	1.00000
帧数: 4,  骨骼: 3
0.99928	-0.03783	0.00230	-0.01189
0.02553	0.62691	-0.77868	0.36458
0.02801	0.77818	0.62742	0.17612
0.00000	0.00000	0.00000	1.00000
帧数: 4,  骨骼: 4
0.98781	-0.15431	0.02057	-0.01802
0.14140	0.83409	-0.53321	0.23975
0.06512	0.52962	0.84574	0.06420
0.00000	0.00000	0.00000	1.00000
帧数: 4,  骨骼: 5
0.99115	-0.13272	-0.00236	0.00739
0.13222	0.98869	-0.07077	0.01486
0.01173	0.06983	0.99749	-0.06577
0.00000	0.00000	0.00000	1.00000
帧数: 4,  骨骼: 6
0.97855	0.11912	-0.16809	0.06580
-0.18659	0.85836	-0.47792	0.17890
0.08735	0.49903	0.86217	0.05925
0.00000	0.00000	0.00000	1.00000
帧数: 4,  骨骼: 7
0.98853	-0.14432	-0.04446	0.01792
0.14070	0.98714	-0.07592	0.01612
0.05484	0.06880	0.99612	-0.06556
0.00000	0.00000	0.00000	1.00000
帧数: 4,  骨骼: 8
0.97935	-0.19718	0.04462	-0.02345
0.20163	0.93665	-0.28640	0.09556
0.01468	0.28948	0.95707	0.05693
0.00000	0.00000	0.00000	1.00000
帧数: 4,  骨骼: 9
0.97758	-0.19569	0.07768	-0.03870
0.21045	0.89726	-0.38812	0.14975
0.00625	0.39577	0.91833	0.05231
0.00000	0.00000	0.00000	1.00000
帧数: 4,  骨骼: 10
0.98448	0.06795	0.16178	-0.14498
0.17544	-0.36257	-0.91529	0.69502
-0.00354	0.92947	-0.36887	0.20467
0.00000	0.00000	0.00000	1.00000
帧数: 4,  骨骼: 11
0.98204	-0.11397	0.15038	-0.08398
0.18842	0.54988	-0.81371	0.38042
0.01005	0.82743	0.56148	0.05596
0.00000	0.00000	0.00000	1.00000
帧数: 4,  骨骼: 12
0.98781	-0.15431	0.02057	-0.01802
0.14140	0.83409	-0.53321	0.23975
0.06512	0.52962	0.84574	0.06420
0.00000	0.00000	0.00000	1.00000
帧数: 4,  骨骼: 13
0.69805	-0.61827	-0.36121	0.20681
0.52094	0.78459	-0.33623	0.20386
0.49128	0.04654	0.86976	0.14740
0.00000	0.00000	0.00000	1.00000
帧数: 4,  骨骼: 14
-0.71912	-0.68992	0.08291	-0.80947
-0.69140	0.72234	0.01387	-0.66805
-0.06946	-0.04735	-0.99646	0.88224
0.00000	0.00000	0.00000	1.00000
帧数: 4,  骨骼: 15
0.57238	-0.69300	-0.43832	0.19140
0.64880	0.70964	-0.27473	0.22954
0.50144	-0.12713	0.85580	0.16056
0.00000	0.00000	0.00000	1.00000
帧数: 4,  骨骼: 16
-0.29254	-0.66856	-0.68370	-0.14124
-0.14874	0.73809	-0.65810	0.01251
0.94461	-0.09082	-0.31537	1.07147
0.00000	0.00000	0.00000	1.00000
帧数: 4,  骨骼: 17
0.23042	-0.85102	-0.47188	0.03501
0.48274	0.52102	-0.70392	0.39403
0.84491	-0.06560	0.53088	0.52648
0.00000	0.00000	0.00000	1.00000
帧数: 4,  骨骼: 18
0.71595	-0.64772	0.26053	-0.12022
0.39332	0.06590	-0.91704	0.44603
0.57682	0.75902	0.30194	0.55967
0.00000	0.00000	0.00000	1.00000
帧数: 4,  骨骼: 19
0.97643	0.10842	-0.18662	0.06941
-0.20396	0.74631	-0.63358	0.20935
0.07058	0.65671	0.75084	0.08019
0.00000	0.00000	0.00000	1.00000
帧数: 4,  骨骼: 20
0.98483	0.16040	-0.06617	0.06511
-0.15789	0.67026	-0.72514	0.22193
-0.07197	0.72459	0.68542	0.05804
0.00000	0.00000	0.00000	1.00000
帧数: 4,  骨骼: 21
0.96934	-0.07425	0.23424	-0.19052
0.24213	0.45114	-0.85898	0.41700
-0.04190	0.88936	0.45528	0.28820
0.00000	0.00000	0.00000	1.00000
帧数: 4,  骨骼: 22
0.79383	-0.38390	0.47165	-0.38211
0.58210	0.70418	-0.40656	0.00560
-0.17605	0.59728	0.78247	0.11488
0.00000	0.00000	0.00000	1.00000
帧数: 4,  骨骼: 23
0.98781	-0.15431	0.02057	-0.01802
0.14140	0.83409	-0.53321	0.23975
0.06512	0.52962	0.84574	0.06420
0.00000	0.00000	0.00000	1.00000
帧数: 4,  骨骼: 24
0.99265	-0.07011	0.09868	-0.05367
-0.00704	0.78036	0.62529	-0.26492
-0.12085	-0.62139	0.77413	0.11675
0.00000	0.00000	0.00000	1.00000
帧数: 4,  骨骼: 25
0.85769	0.27516	0.43435	-0.37691
-0.38430	0.90428	0.18598	-0.13611
-0.34160	-0.32644	0.88134	0.09653
0.00000	0.00000	0.00000	1.00000
帧数: 4,  骨骼: 26
-0.44165	-0.03853	0.89636	0.04678
0.03512	0.99757	0.06018	-0.26497
-0.89650	0.05806	-0.43923	1.13853
0.00000	0.00000	0.00000	1.00000
帧数: 4,  骨骼: 27
0.64326	-0.01453	0.76551	-0.47150
0.02436	0.99970	-0.00149	-0.22387
-0.76526	0.01961	0.64342	0.44866
0.00000	0.00000	0.00000	1.00000
帧数: 4,  骨骼: 28
-0.99989	-0.01442	-0.00469	0.86414
-0.01480	0.99539	0.09477	-0.25625
0.00330	0.09483	-0.99549	0.94375
0.00000	0.00000	0.00000	1.00000
帧数: 4,  骨骼: 29
0.55465	0.66109	0.50529	-0.25998
0.31363	0.39638	-0.86286	0.09030
-0.77071	0.63706	0.01251	0.84843
0.00000	0.00000	0.00000	1.00000
帧数: 4,  骨骼: 30
0.18526	0.23599	0.95393	-0.34558
-0.05356	0.97172	-0.22999	-0.05073
-0.98123	-0.00849	0.19266	0.82226
0.00000	0.00000	0.00000	1.00000
帧数: 4,  骨骼: 31
0.98518	-0.06284	0.15960	-0.06546
0.12659	0.89424	-0.42931	-0.06168
-0.11575	0.44315	0.88894	0.09083
0.00000	0.00000	0.00000	1.00000
帧数: 4,  骨骼: 32
0.98173	-0.13649	0.13259	-0.06221
0.18759	0.57713	-0.79482	-0.05072
0.03196	0.80517	0.59219	0.06966
0.00000	0.00000	0.00000	1.00000
帧数: 4,  骨骼: 33
0.98820	0.08918	-0.12450	0.12772
-0.12073	-0.04653	-0.99160	0.52997
-0.09422	0.99493	-0.03521	0.73231
0.00000	0.00000	0.00000	1.00000
帧数: 4,  骨骼: 34
0.69343	-0.71777	0.06298	-0.03025
0.33032	0.23899	-0.91311	0.45851
0.64035	0.65398	0.40281	0.32188
0.00000	0.00000	0.00000	1.00000
帧数: 4,  骨骼: 35
0.99705	0.04406	-0.06290	0.01002
-0.05338	0.98646	-0.15508	-0.57258
0.05522	0.15798	0.98590	-0.24672
0.00000	0.00000	0.00000	1.00000
帧数: 4,  骨骼: 36
0.98883	0.13183	-0.06951	-0.00628
-0.14045	0.98033	-0.13870	-0.59817
0.04986	0.14691	0.98789	-0.24661
0.00000	0.00000	0.00000	1.00000
帧数: 4,  骨骼: 37
0.97951	0.12770	-0.15571	0.13911
-0.18452	0.87882	-0.44002	-0.04705
0.08065	0.45974	0.88438	-0.22858
0.00000	0.00000	0.00000	1.00000
帧数: 4,  骨骼: 38
0.95580	0.08172	-0.28243	0.35570
-0.28392	0.50600	-0.81446	0.73011
0.07635	0.85865	0.50684	0.10653
0.00000	0.00000	0.00000	1.00000
帧数: 4,  骨骼: 39
0.62489	0.01224	-0.78062	0.47630
-0.02581	0.99965	-0.00499	-0.12490
0.78029	0.02327	0.62499	-0.34633
0.00000	0.00000	0.00000	1.00000
帧数: 5,  骨骼: 0
0.98741	-0.09451	-0.12681	0.13397
0.00971	0.83655	-0.54781	0.06965
0.15785	0.53968	0.82694	-0.05284
0.00000	0.00000	0.00000	1.00000
帧数: 5,  骨骼: 1
0.97105	-0.20964	0.11452	-0.08916
0.19951	0.44810	-0.87144	0.42770
0.13137	0.86906	0.47695	0.30360
0.00000	0.00000	0.00000	1.00000
帧数: 5,  骨骼: 2
0.95005	0.23473	-0.20566	0.16620
-0.29329	0.44632	-0.84545	0.33908
-0.10666	0.86354	0.49287	0.27596
0.00000	0.00000	0.00000	1.00000
帧数: 5,  骨骼: 3
0.99951	-0.03082	-0.00490	-0.00681
0.01565	0.63084	-0.77576	0.36224
0.02700	0.77530	0.63101	0.19758
0.00000	0.00000	0.00000	1.00000
帧数: 5,  骨骼: 4
0.98922	-0.14563	0.01536	-0.01393
0.13041	0.82841	-0.54472	0.24493
0.06661	0.54085	0.83848	0.09143
0.00000	0.00000	0.00000	1.00000
帧数: 5,  骨骼: 5
0.99202	-0.12534	-0.01374	0.01181
0.12382	0.98893	-0.08176	0.02060
0.02384	0.07941	0.99656	-0.04232
0.00000	0.00000	0.00000	1.00000
帧数: 5,  骨骼: 6
0.98070	0.12377	-0.15133	0.06009
-0.18655	0.82399	-0.53501	0.20588
0.05848	0.55292	0.83118	0.09388
0.00000	0.00000	0.00000	1.00000
帧数: 5,  骨骼: 7
0.99000	-0.13396	-0.04430	0.01942
0.12973	0.98768	-0.08752	0.02210
0.05548	0.08090	0.99518	-0.04162
0.00000	0.00000	0.00000	1.00000
帧数: 5,  骨骼: 8
0.98055	-0.19150	0.04290	-0.02064
0.19610	0.94763	-0.25210	0.07442
0.00763	0.25560	0.96675	0.08317
0.00000	0.00000	0.00000	1.00000
帧数: 5,  骨骼: 9
0.97771	-0.19989	0.06420	-0.02852
0.20973	0.94394	-0.25493	0.07647
-0.00964	0.26271	0.96483	0.08256
0.00000	0.00000	0.00000	1.00000
帧数: 5,  骨骼: 10
0.98180	-0.03497	0.18665	-0.11119
0.18971	0.22505	-0.95570	0.47818
-0.00859	0.97372	0.22758	0.03616
0.00000	0.00000	0.00000	1.00000
帧数: 5,  骨骼: 11
0.97910	-0.16205	0.12287	-0.05769
0.20328	0.79738	-0.56821	0.21762
-0.00590	0.58131	0.81366	0.04847
0.00000	0.00000	0.00000	1.00000
帧数: 5,  骨骼: 12
0.98922	-0.14563	0.01535	-0.01393
0.13041	0.82841	-0.54472	0.24493
0.06661	0.54085	0.83848	0.09143
0.00000	0.00000	0.00000	1.00000
帧数: 5,  骨骼: 13
0.69461	-0.62021	-0.36450	0.20863
0.51556	0.78254	-0.34903	0.21942
0.50171	0.05452	0.86332	0.19254
0.00000	0.00000	0.00000	1.00000
帧数: 5,  骨骼: 14
-0.73489	-0.67316	0.08240	-0.81692
-0.67114	0.73934	0.05436	-0.66585
-0.09751	-0.01535	-0.99512	0.90124
0.00000	0.00000	0.00000	1.00000
帧数: 5,  骨骼: 15
0.58756	-0.67660	-0.44383	0.20374
0.61357	0.73012	-0.30077	0.23844
0.52755	-0.09560	0.84413	0.21659
0.00000	0.00000	0.00000	1.00000
帧数: 5,  骨骼: 16
-0.29512	-0.65147	-0.69892	-0.13306
-0.18205	0.75644	-0.62822	-0.00947
0.93796	-0.05816	-0.34184	1.11804
0.00000	0.00000	0.00000	1.00000
帧数: 5,  骨骼: 17
0.24216	-0.83886	-0.48752	0.05147
0.44094	0.54273	-0.71485	0.39075
0.86425	-0.04186	0.50131	0.58945
0.00000	0.00000	0.00000	1.00000
帧数: 5,  骨骼: 18
0.72528	-0.64542	0.23961	-0.10249
0.35189	0.04839	-0.93479	0.44484
0.59174	0.76230	0.26221	0.62510
0.00000	0.00000	0.00000	1.00000
帧数: 5,  骨骼: 19
0.97563	0.09949	-0.19559	0.06872
-0.21917	0.48619	-0.84592	0.26710
0.01093	0.86817	0.49614	0.15746
0.00000	0.00000	0.00000	1.00000
帧数: 5,  骨骼: 20
0.97731	0.19365	-0.08584	0.06277
-0.15090	0.35206	-0.92373	0.28408
-0.14866	0.91573	0.37330	0.13516
0.00000	0.00000	0.00000	1.00000
帧数: 5,  骨骼: 21
0.97215	-0.07069	0.22344	-0.18298
0.22995	0.47178	-0.85121	0.41143
-0.04524	0.87888	0.47489	0.29865
0.00000	0.00000	0.00000	1.00000
帧数: 5,  骨骼: 22
0.79730	-0.41636	0.43698	-0.35893
0.59186	0.68130	-0.43074	0.02708
-0.11838	0.60206	0.78963	0.13091
0.00000	0.00000	0.00000	1.00000
帧数: 5,  骨骼: 23
0.98922	-0.14563	0.01535	-0.01393
0.13041	0.82841	-0.54472	0.24493
0.06661	0.54085	0.83848	0.09143
0.00000	0.00000	0.00000	1.00000
帧数: 5,  骨骼: 24
0.98748	-0.05270	0.14868	-0.07368
-0.05579	0.76492	0.64171	-0.26807
-0.14754	-0.64197	0.75240	0.15368
0.00000	0.00000	0.00000	1.00000
帧数: 5,  骨骼: 25
0.84989	0.33492	0.40684	-0.35594
-0.44152	0.87403	0.20282	-0.12433
-0.28766	-0.35201	0.89070	0.11221
0.00000	0.00000	0.00000	1.00000
帧数: 5,  骨骼: 26
-0.44298	-0.04134	0.89558	0.04834
0.03199	0.99757	0.06187	-0.27047
-0.89596	0.05606	-0.44058	1.18685
0.00000	0.00000	0.00000	1.00000
帧数: 5,  骨骼: 27
0.64214	-0.01740	0.76639	-0.47100
0.02464	0.99970	0.00205	-0.23230
-0.76619	0.01756	0.64237	0.49762
0.00000	0.00000	0.00000	1.00000
帧数: 5,  骨骼: 28
-0.99983	-0.01717	-0.00633	0.86539
-0.01768	0.99554	0.09269	-0.25978
0.00471	0.09279	-0.99568	0.99093
0.00000	0.00000	0.00000	1.00000
帧数: 5,  骨骼: 29
0.55269	0.66081	0.50781	-0.25985
0.31364	0.39961	-0.86136	0.08331
-0.77212	0.63533	0.01360	0.89644
0.00000	0.00000	0.00000	1.00000
帧数: 5,  骨骼: 30
0.18407	0.23316	0.95486	-0.34508
-0.05505	0.97238	-0.22683	-0.05802
-0.98137	-0.01082	0.19182	0.87068
0.00000	0.00000	0.00000	1.00000
帧数: 5,  骨骼: 31
0.98589	-0.02101	0.16609	-0.07716
0.04903	0.98483	-0.16643	-0.11280
-0.16008	0.17222	0.97197	0.10842
0.00000	0.00000	0.00000	1.00000
帧数: 5,  骨骼: 32
0.99010	-0.08228	0.11374	-0.07449
0.12927	0.85031	-0.51016	-0.10994
-0.05474	0.51981	0.85252	0.08786
0.00000	0.00000	0.00000	1.00000
帧数: 5,  骨骼: 33
0.98692	0.08676	-0.13589	0.13571
-0.13418	-0.02525	-0.99064	0.53064
-0.08938	0.99591	-0.01328	0.74080
0.00000	0.00000	0.00000	1.00000
帧数: 5,  骨骼: 34
0.65266	-0.75566	0.05490	-0.02323
0.35075	0.23712	-0.90595	0.45266
0.67158	0.61053	0.41980	0.33350
0.00000	0.00000	0.00000	1.00000
帧数: 5,  骨骼: 35
0.99642	0.02654	-0.08026	0.03445
-0.04268	0.97749	-0.20660	-0.49869
0.07297	0.20928	0.97513	-0.21516
0.00000	0.00000	0.00000	1.00000
帧数: 5,  骨骼: 36
0.98875	0.12581	-0.08089	0.00454
-0.12756	0.99169	-0.01683	-0.82161
0.07810	0.02696	0.99658	-0.19427
0.00000	0.00000	0.00000	1.00000
帧数: 5,  骨骼: 37
0.98087	0.12818	-0.14652	0.11251
-0.15841	0.96302	-0.21796	-0.47301
0.11317	0.23700	0.96490	-0.24504
0.00000	0.00000	0.00000	1.00000
帧数: 5,  骨骼: 38
0.96642	0.10544	-0.23434	0.25734
-0.21654	0.82521	-0.52166	0.06207
0.13838	0.55489	0.82033	-0.21232
0.00000	0.00000	0.00000	1.00000
帧数: 5,  骨骼: 39
0.62548	0.01355	-0.78012	0.47543
-0.02391	0.99971	-0.00181	-0.13474
0.77988	0.01978	0.62562	-0.30007
0.00000	0.00000	0.00000	1.00000
帧数: 6,  骨骼: 0
0.98727	-0.08648	-0.13348	0.13780
0.00125	0.84343	-0.53723	0.06330
0.15904	0.53023	0.83281	-0.02862
0.00000	0.00000	0.00000	1.00000
帧数: 6,  骨骼: 1
0.97281	-0.20650	0.10490	-0.08202
0.19338	0.47484	-0.85857	0.41919
0.12749	0.85551	0.50186	0.30873
0.00000	0.00000	0.00000	1.00000
帧数: 6,  骨骼: 2
0.93885	0.27083	-0.21262	0.16922
-0.30935	0.39231	-0.86625	0.35801
-0.15119	0.87906	0.45210	0.32990
0.00000	0.00000	0.00000	1.00000
帧数: 6,  骨骼: 3
0.99964	-0.02446	-0.01065	-0.00233
0.00741	0.63805	-0.76996	0.35855
0.02563	0.76960	0.63801	0.21503
0.00000	0.00000	0.00000	1.00000
帧数: 6,  骨骼: 4
0.99035	-0.13818	0.01094	-0.01012
0.12106	0.82378	-0.55384	0.24902
0.06751	0.54981	0.83255	0.11571
0.00000	0.00000	0.00000	1.00000
帧数: 6,  骨骼: 5
0.99206	-0.12161	-0.03218	0.01807
0.11816	0.98860	-0.09333	0.02655
0.04317	0.08879	0.99511	-0.02058
0.00000	0.00000	0.00000	1.00000
帧数: 6,  骨骼: 6
0.98143	0.13349	-0.13774	0.05577
-0.18959	0.78420	-0.59084	0.23180
0.02914	0.60598	0.79494	0.12854
0.00000	0.00000	0.00000	1.00000
帧数: 6,  骨骼: 7
0.99113	-0.12539	-0.04412	0.02096
0.12049	0.98764	-0.10027	0.02846
0.05615	0.09406	0.99398	-0.01924
0.00000	0.00000	0.00000	1.00000
帧数: 6,  骨骼: 8
0.98171	-0.18532	0.04356	-0.01920
0.19029	0.94882	-0.25204	0.07276
0.00538	0.25571	0.96674	0.10593
0.00000	0.00000	0.00000	1.00000
帧数: 6,  骨骼: 9
0.97831	-0.19940	0.05618	-0.02198
0.20633	0.96216	-0.17800	0.03651
-0.01856	0.18573	0.98243	0.11342
0.00000	0.00000	0.00000	1.00000
帧数: 6,  骨骼: 10
0.97894	-0.15115	0.13725	-0.05702
0.20324	0.78547	-0.58458	0.18627
-0.01945	0.60016	0.79964	0.02628
0.00000	0.00000	0.00000	1.00000
帧数: 6,  骨骼: 11
0.97724	-0.19390	0.08602	-0.03320
0.21079	0.93303	-0.29159	0.08139
-0.02372	0.30308	0.95267	0.09236
0.00000	0.00000	0.00000	1.00000
帧数: 6,  骨骼: 12
0.99035	-0.13818	0.01094	-0.01012
0.12105	0.82378	-0.55384	0.24902
0.06751	0.54981	0.83255	0.11571
0.00000	0.00000	0.00000	1.00000
帧数: 6,  骨骼: 13
0.68922	-0.62414	-0.36801	0.21105
0.51209	0.77893	-0.36199	0.23621
0.51258	0.06104	0.85647	0.23847
0.00000	0.00000	0.00000	1.00000
帧数: 6,  骨骼: 14
-0.75064	-0.65543	0.08336	-0.82368
-0.64841	0.75501	0.09760	-0.66338
-0.12691	0.01921	-0.99173	0.91877
0.00000	0.00000	0.00000	1.00000
帧数: 6,  骨骼: 15
0.60212	-0.65911	-0.45058	0.21795
0.57484	0.74954	-0.32826	0.24668
0.55409	-0.06136	0.83019	0.27454
0.00000	0.00000	0.00000	1.00000
帧数: 6,  骨骼: 16
-0.29907	-0.63336	-0.71374	-0.12437
-0.21749	0.77352	-0.59528	-0.03392
0.92912	-0.02280	-0.36908	1.16424
0.00000	0.00000	0.00000	1.00000
帧数: 6,  骨骼: 17
0.25282	-0.82576	-0.50419	0.06945
0.39530	0.56380	-0.72517	0.38544
0.88308	-0.01597	0.46896	0.65414
0.00000	0.00000	0.00000	1.00000
帧数: 6,  骨骼: 18
0.73360	-0.64385	0.21744	-0.08317
0.30732	0.02894	-0.95117	0.44149
0.60612	0.76460	0.21910	0.69243
0.00000	0.00000	0.00000	1.00000
帧数: 6,  骨骼: 19
0.97290	0.09172	-0.21228	0.07031
-0.22442	0.15310	-0.96239	0.30577
-0.05577	0.98394	0.16954	0.24797
0.00000	0.00000	0.00000	1.00000
帧数: 6,  骨骼: 20
0.96740	0.22977	-0.10651	0.06233
-0.11289	0.01475	-0.99350	0.32810
-0.22671	0.97313	0.04021	0.22541
0.00000	0.00000	0.00000	1.00000
帧数: 6,  骨骼: 21
0.97451	-0.06734	0.21402	-0.17600
0.21874	0.49738	-0.83950	0.40372
-0.04992	0.86491	0.49943	0.30407
0.00000	0.00000	0.00000	1.00000
帧数: 6,  骨骼: 22
0.79025	-0.46927	0.39407	-0.32777
0.61151	0.64533	-0.45782	0.05179
-0.03947	0.60277	0.79694	0.14298
0.00000	0.00000	0.00000	1.00000
帧数: 6,  骨骼: 23
0.99035	-0.13818	0.01094	-0.01012
0.12105	0.82378	-0.55384	0.24902
0.06751	0.54981	0.83255	0.11571
0.00000	0.00000	0.00000	1.00000
帧数: 6,  骨骼: 24
0.98159	-0.05119	0.18404	-0.08698
-0.08301	0.75342	0.65228	-0.27081
-0.17204	-0.65555	0.73529	0.18585
0.00000	0.00000	0.00000	1.00000
帧数: 6,  骨骼: 25
0.83897	0.40213	0.36663	-0.32609
-0.49885	0.83754	0.22290	-0.11081
-0.21743	-0.36990	0.90327	0.12314
0.00000	0.00000	0.00000	1.00000
帧数: 6,  骨骼: 26
-0.44310	-0.04776	0.89520	0.04876
0.03191	0.99711	0.06899	-0.27674
-0.89590	0.05914	-0.44030	1.23972
0.00000	0.00000	0.00000	1.00000
帧数: 6,  骨骼: 27
0.64203	-0.02383	0.76631	-0.47075
0.03114	0.99950	0.00500	-0.23978
-0.76605	0.02065	0.64245	0.55056
0.00000	0.00000	0.00000	1.00000
帧数: 6,  骨骼: 28
-0.99970	-0.02358	-0.00685	0.86575
-0.02413	0.99512	0.09573	-0.26019
0.00455	0.09587	-0.99538	1.04392
0.00000	0.00000	0.00000	1.00000
帧数: 6,  骨骼: 29
0.55072	0.65817	0.51334	-0.26167
0.31958	0.40188	-0.85812	0.07595
-0.77109	0.63663	0.01099	0.95038
0.00000	0.00000	0.00000	1.00000
帧数: 6,  骨骼: 30
0.18450	0.22690	0.95628	-0.34598
-0.05083	0.97389	-0.22127	-0.06585
-0.98152	-0.00779	0.19121	0.92417
0.00000	0.00000	0.00000	1.00000
帧数: 6,  骨骼: 31
0.98146	-0.00679	0.19156	-0.08859
-0.00439	0.99832	0.05786	-0.15689
-0.19163	-0.05762	0.97977	0.13654
